%YAML:1.0
Q: !!opencv-matrix
   rows: 4
   cols: 4
   dt: d
   data: [ 1., 0., 0., -1.7447999763488770e+002, 0., 1., 0.,
       -2.9398028182983398e+002, 0., 0., 0., 2.6412743127212921e+003, 0.,
       0., -4.8181439177000310e-003, 2.8410521114865089e-001 ]
C1: !!opencv-matrix
   rows: 3
   cols: 3
   dt: d
   data: [ 2.9002651958766678e+003, 0., 4.0328606773517583e+002, 0.,
       2.6412743127212921e+003, 3.0186412651825981e+002, 0., 0., 1. ]
D1: !!opencv-matrix
   rows: 1
   cols: 5
   dt: d
   data: [ 2.7053452252044347e-001, -2.7975874678097025e+001,
       2.5042085318208833e-003, -2.6936411603949387e-002,
       5.5188959080668872e+002 ]
PRinv1: !!opencv-matrix
   rows: 3
   cols: 3
   dt: d
   data: [ 3.7679811985029393e-004, 1.9568994671455220e-005,
       -1.5426906686780292e-001, -1.9621771138867413e-005,
       3.7809628173239405e-004, -1.0726419944783690e-001,
       3.1305049709148689e-005, 1.4489134969099718e-006,
       9.9068030896075288e-001 ]
P1: !!opencv-matrix
   rows: 3
   cols: 4
   dt: d
   data: [ 2.6412743127212921e+003, 0., 1.7447999763488770e+002, 0., 0.,
       2.6412743127212921e+003, 2.9398028182983398e+002, 0., 0., 0., 1.,
       0. ]
R1: !!opencv-matrix
   rows: 3
   cols: 3
   dt: d
   data: [ 9.9522719504226020e-001, -5.1826480079186492e-002,
       8.2685223655237589e-002, 5.1687082951494510e-002,
       9.9865599667520499e-001, 3.8269780007435215e-003,
       -8.2772433238852555e-002, 4.6504543276276082e-004,
       9.9656836595813392e-001 ]
C2: !!opencv-matrix
   rows: 3
   cols: 3
   dt: d
   data: [ 2.9226524101407394e+003, 0., 3.9926663918055175e+002, 0.,
       2.6892403240146273e+003, 2.9999758741172582e+002, 0., 0., 1. ]
D2: !!opencv-matrix
   rows: 1
   cols: 5
   dt: d
   data: [ -1.8925813816530224e-001, 2.9296441750259516e+000,
       4.2538851480106842e-003, -2.4882214701248604e-002,
       -4.0416308294330477e+001 ]
PRinv2: !!opencv-matrix
   rows: 3
   cols: 3
   dt: d
   data: [ 3.7585903064299517e-004, 2.3461118203253244e-005,
       -1.5333771869359930e-001, -2.3395320642682695e-005,
       3.7787707993402147e-004, -1.0350520502730103e-001,
       3.9044733559968263e-005, 5.7580884415681106e-007,
       9.8998744427397423e-001 ]
P2: !!opencv-matrix
   rows: 3
   cols: 4
   dt: d
   data: [ 2.6412743127212921e+003, 0., 1.1551430130004883e+002,
       5.4819332046480663e+005, 0., 2.6412743127212921e+003,
       2.9398028182983398e+002, 0., 0., 0., 1., 0. ]
R2: !!opencv-matrix
   rows: 3
   cols: 3
   dt: d
   data: [ 9.9274680284166827e-001, -6.1793459451395971e-002,
       1.0312785179899116e-001, 6.1967248857970704e-002,
       9.9807702459586112e-001, 1.5208691091091562e-003,
       -1.0302351924012464e-001, 4.8807113110072671e-003,
       9.9466694583688586e-001 ]
